v3.0 hex words addressed
00: 00000084 00000052 00000120 80000000 00000084 00000052 00000900 00000000
08: 00000084 00000052 00002100 00000000 00000084 00000052 00020100 00000000
10: 00000084 00041400 00008800 00000000 00000084 00050400 00008800 00000000
18: 00000084 00045400 00008800 00000000 00000084 00054400 00008800 00000000
20: 00000084 00000052 00000180 00000408 00000084 00000052 00000180 00001008
28: 00000084 00000052 00000180 00010008 00000084 00080400 00000000 00000000
30: 00000084 00000052 00000101 00000000 00000086 00200054 00000101 00000000
38: 00100001 00000000 00000000 00000000 00000084 00000052 00c00100 00000000
40: 00000084 00000052 01400100 00000000 000000c6 000001d0 00000050 00000900
48: 000000c6 000001d0 00000050 00002100 000000c6 000001d0 00000050 00020100
50: 00000084 00000052 02400100 00000000 00000084 00000052 04400100 00000000
58: 00002400 00000000 00020400 00000000 00001800 00000000 00021000 00000000
60: 00010800 00000000 00012000 00000000 18000000 00000000 10000000 00000000
68: 20000400 00000000 40000800 00000000 20001000 00000000 40002000 00000000
70: 20010000 00000000 40020000 00000000 00000000 00000000 00000000 00000000
78: 00000000 00000000 00000000 00000000 00000000 00000000 00000000 00000000
80: 00000000 00000000 00000000 00000000 00000000 00000000 00000000 00000000
88: 00000000 00000000 00000000 00000000 00000000 00000000 00000000 00000000
90: 00000000 00000000 00000000 00000000 00000000 00000000 00000000 00000000
98: 00000000 00000000 00000000 00000000 00000000 00000000 00000000 00000000
a0: 00000000 00000000 00000000 00000000 00000000 00000000 00000000 00000000
a8: 00000000 00000000 00000000 00000000 00000000 00000000 00000000 00000000
b0: 00000000 00000000 00000000 00000000 00000000 00000000 00000000 00000000
b8: 00000000 00000000 00000000 00000000 00000000 00000000 00000000 00000000
c0: 00000000 00000000 00000000 00000000 00000000 00000000 00000000 00000000
c8: 00000000 00000000 00000000 00000000 00000000 00000000 00000000 00000000
d0: 00000000 00000000 00000000 00000000 00000000 00000000 00000000 00000000
d8: 00000000 00000000 00000000 00000000 00000000 00000000 00000000 00000000
e0: 00000000 00000000 00000000 00000000 00000000 00000000 00000000 00000000
e8: 00000000 00000000 00000000 00000000 00000000 00000000 00000000 00000000
f0: 00000000 00000000 00000000 00000000 00000000 00000000 00000000 00000000
f8: 00000000 00000000 00000000 00000000 00000000 00000000 00000000 00000000
